Dogfood_DevMain     : ea4a4090-de26-49d7-93c1-91bff9e53fc3 (221216-1710) : 16.0.16015.20000
Dogfood_CC          : f3260cf1-a92c-4c75-b02e-d64c0a86a968 (221216-1855) : 16.0.15928.20166

Microsoft_DevMain   : b61285dd-d9f7-41f2-9757-8f61cba4e9c8 (221215-1230) : 16.0.16013.20000
Microsoft_CC        : 5462eee5-1e97-495b-9370-853cd873bb07 (221216-1140) : 16.0.15928.20160
Microsoft_FRDC      : 9a3b7ff2-58ed-40fd-add5-1e5158059d1c (221213-0920) : 16.0.15601.20378
Microsoft_DC        : f4f024c8-d611-4748-a7e0-02b6e754c0fe (221213-0950) : 16.0.14931.20858
Microsoft_LTSC2021  : 86752282-5841-4120-ac80-db03ae6b5fdb (221216-1720) : 16.0.14332.20442
Microsoft_LTSC      : 1d2d2ea6-1680-4c56-ac58-a441c8c24ff9 (221216-1720) : 16.0.10394.20005

Insiders_DevMain    : 5440fd1f-7ecb-4221-8110-145efaa6372f (221214-1505) : 16.0.16012.20000
Insiders_CC         : 64256afe-f5d9-4f86-8936-8840a6a4f5be (221213-1840) : 16.0.15928.20098
Insiders_FRDC       : b8f9b850-328d-4355-9145-c59439a0c4cf (221216-1600) : 16.0.15601.20378

Production_CC       : 492350f6-3a01-4f97-b9c0-c7c6ddf67d60 (221216-1550) : 16.0.15831.20208
Production_MEC      : 55336b82-a18d-4dd6-b5f6-9e5095c314a6 (221214-1906) : 16.0.15726.20262
Production_DC       : 7ffbc6bf-bc32-4f92-8982-f9dd17fd3114 (221216-1545) : 16.0.14931.20858
Production_LTSC2021 : 5030841d-c919-4594-8d2d-84ae4f96e58e (221215-1815) : 16.0.14332.20435
Production_LTSC     : f2e724c1-748f-4b47-8fb8-8e0d210e9208 (221215-1815) : 16.0.10393.20026
